Blueprint 1500 -90 0,
Rock 250 -90 2,
Tree 400 -150 2,
Rock 400 -110 1,
Tree 600 -190 0,
Rock 700 -130 0,
Tree 800 -150 2,
Rock 900 -130 0,
Tree 1000 -190 0,
Rock 1000 -110 1,
Rock 1125 -90 2,
Tree 1200 -170 1,
Rock 1350 -130 0,
Tree 1450 -170 1,
Tree 1600 -150 2,
Rock 1600 -110 1,
Tree 1750 -190 0,
Tree 1900 -150 2,
Rock 1925 -90 2,
Tree 2150 -150 2,
Tree 2250 -170 1,
Rock 2300 -110 1,
Rock 2350 -90 2,
Tree 2450 -190 0,
Rock 2525 -90 2,
Tree 2600 -170 1,
Rock 2625 -130 0,
Tree 2750 -190 0,
Rock 2850 -110 1,
Tree 2900 -150 2,
Rock 2925 -110 1,
Tree 3150 -170 1,
Rock 3225 -90 2,
Tree 3300 -150 2,
Tree 3450 -190 0,
Rock 3450 -110 1,
Tree 3650 -150 2,
Tree 3800 -150 2,
Rock 3850 -130 0,
Tree 4100 -190 0,
Rock 4175 -110 1,
Tree 4250 -170 1,
Tree 4400 -150 2,
Rock 4475 -90 2,
Tree 4550 -150 2,
Rock 4650 -110 1,
Tree 4750 -170 1,
Rock 4825 -90 2,
Tree 4900 -170 1,
Tree 5025 -150 2,
Rock 5100 -90 2,
Tree 5200 -150 2,
Tree 5450 -190 0,
Rock 5525 -130 0,
Tree 5600 -150 2,
Tree 5850 -190 0,
Rock 5925 -110 1,
Tree 6000 -170 1,
Tree 6100 -190 0,
Rock 6225 -90 2,
Tree 6300 -150 2,
Tree 6450 -170 1,
Tree 6600 -150 2,
Rock 6675 -130 0,
Tree 6825 -170 1,
Tree 7000 -190 0,
Rock 7100 -110 1,
Tree 7200 -170 1,
Tree 7325 -150 2,
Rock 7375 -130 0,
Tree 7450 -190 0,
Tree 7600 -170 1,
Rock 7700 -90 2,
Tree 7850 -150 2,
Tree 8050 -190 0,
Rock 8125 -110 1,
Tree 8200 -170 1,
Tree 8350 -190 0,
Rock 8425 -130 0,
Tree 8500 -150 2,
Rock 8600 -90 2,
Tree 8700 -170 1,
Rock 8800 -110 1,
Tree 8900 -190 0,
Rock 9025 -110 1,
Tree 9100 -150 2,
Rock 9175 -130 0,
Tree 9250 -170 1,
Rock 9315 -90 2,
Tree 9400 -190 0,
Rock 9500 -110 1,
Tree 9625 -170 1,
Tree 9800 -150 2,
Rock 9900 -130 0,
Tree 10000 -190 0,
Tree 10125 -170 1,
Rock 10225 -110 1,
Tree 10300 -190 0,
Rock 10375 -130 0,
Tree 10450 -150 2,
Rock 10525 -90 2,
Tree 10625 -170 1,
Rock 10700 -110 1,
Tree 10800 -150 2,
Tree 10950 -190 0,
Rock 11000 -130 0,
Tree 11100 -170 1,
Rock 11150 -110 1,
Tree 11250 -190 0,
Rock 11325 -90 2,
Tree 11400 -170 1,
Tree 11650 -150 2,
Rock 11725 -90 2,
Tree 11825 -170 1,
Tree 12000 -190 0,
Rock 12075 -110 1,
Tree 12150 -150 2,
Rock 12225 -130 0,
Tree 12350 -170 1,
Rock 12425 -90 2,
Tree 12525 -190 0,
Tree 12775 -170 1,
Rock 12825 -110 1,
Rock 12900 -130 0,
Tree 12950 -150 2,
Rock 13100 -90 2,
Tree 13225 -170 1,
Tree 13400 -150 2,
Rock 13525 -130 0,
Tree 13650 -190 0,
Tree 13825 -150 2,
Rock 14000 -90 2,
Tree 14050 -170 1,
Rock 14125 -130 0,
Tree 14225 -190 0,
Tree 14475 -170 1,
Rock 14525 -90 2,
Tree 14625 -170 1,
Rock 14725 -110 1,
Tree 14760 -150 2,
Rock 14825 -130 0,
Tree 14900 -150 2,
Rock 14925 -130 0,
Tree 14950 -170 1,

